0108001	|MIEL MAPLE SYRUP	FRASCO X 350ML	10	0	0	14900	0	0			41	01	2025/04/30	-1	20.8	-1	-1						14900
0109001	|MIEL MAPLE SYRUP	FRASCO X 340 ML	10	0	0	3990.626866	0	0			42	01	2025/04/30	-1	67	-1	-1						3990.62686567164
0109003	|MIEL MAPLE SYRUP	FRASCO X 480 ML	10	0	0	2310.047582	0	0			44	01	2025/04/30	-1	91	-1	-1						2310.04758241758
0109010	ACEITE DE GIRASOL	MESTRE X 5 LTS	55	28	0	1155.025125	0	0			51	01	2025/04/30	-1	74	-1	-1						1155.025125
0110003	ACEITE DE OLIVA	1000 ML	16	15	0	13627.88	0	0			54	01	2025/04/30	-1	41	-1	-1						13627.88
0110004	ACEITE DE OLIVA	500 ML	22	0	0	433.304018	0	0			55	01	2025/04/30	-1	8880	-1	-1						433.304017857143
0110005	ACEITE PARA FREIR	QUALITY FRY X 20 LTS	12	0	0	27819.95473	0	0			56	01	2025/04/30	-1	75.68	-1	-1						27819.9547303271
0111001	ACEITUNA NEGRA DESHUESADA	LATA X 200 GR	29	24	0	6340.087623	0	0			58	01	2025/04/30	-1	68	-1	-1						6340.08762322015
0111003	ACEITUNA NEGRA DESHUESADA	FRASCO X 349 GRS	6	0	0	3822.665716	0	0			60	01	2025/04/30	-1	90	-1	-1						3822.66571632217
0111004	ACEITUNA NEGRA DESHUESADA	LATA X 500 GR	1	0	0	12333.33333	0	0			61	01	2025/04/30	-1	13	-1	-1						12333.3333333333
0111005	ACEITUNA NEGRA DESHUESADA	FRASCO X 340 GRS	4	4	0	3800	0	0			62	01	2025/04/30	-1	2	0	0						3800
0111006	ACEITUNA VERDE	FRASCO X 500 GRS	22	17	0	2733.333333	0	0			63	01	2025/04/30	-1	60	-1	-1						2733.33333333333
0111007	ACHIOTE P&I	BOLSA X 500 GRS	2	0	0	2708.775194	0	0			64	01	2025/04/30	-1	232.5	-1	-1						2708.77519379845
0111008	AGUACATE	KILO	14.7	0	0	3500	0	0			65	01	2025/04/30	-1	35.6	-1	-1						3500
0111009	AHUYAMA	KILO	0	0	0	2000	0	0			66	01	2025/04/30	-1	85.8	-1	-1						2000
0111010	AJ÷ CHIPOTLE AMAZON	167 ML	4	0	0	3500	0	0			67	01	2025/04/30	-1	71	-1	-1						3500
0111011	AJI DULCE	KILO	0	0	0	5333.007335	0	0			68	01	2025/04/30	-1	40.9	-1	-1						5333.00733496333
0111012	AJO	KILO	0	0	0	12000	0	0			69	01	2025/04/30	-1	29.9	-1	-1						12000
0111013	ALBAHACA MORADA	KILO	1	0	0	5272.727273	0	0			70	01	2025/04/30	-1	55	-1	-1						5272.72727272727
0111014	ALBONDIGAS DE CARNE (B Q T) PREPARACION	UNIDAD X 40 GRS	222	0	0	3552	0	0			71	01	2025/04/30	-1	110	-1	-1						3552
0111015	ALMEJAS BLANCAS GRANDES	X 454 GRM	10	10	0	4266.666667	0	0			72	01	2025/04/30	-1	40	-1	-1						4266.66666666667
0111016	ALMOJABANA CAMPESINA X 60 GRS	CAJA X 40 UNIDADES	9	0	0	2879.681275	0	0			73	01	2025/04/30	-1	45	-1	-1						2879.6812749004
0111017	AREPA PAISA	PAQUETE X 400 GR	40	0	0	24000	0	0			74	01	2025/04/30	-1	0.8	0	0						24000
0111018	AREPA PAISA	PAQUETE X 450 GR	138	0	0	3089.374379	0	0			75	01	2025/04/30	-1	219	-1	-1						3089.37437934459
0111019	AREPA PAISA	PAQUETE X 700 GR	20	0	0	2637.618403	0	0			76	01	2025/04/30	-1	240	-1	-1						2637.61840324763
0111020	AREQUIPE	DOY PACK X 1000 GRS	4	0	0	5821.678024	0	0			77	01	2025/04/30	-1	234.8	-1	-1						5821.67802385009
0111021	ARROZ DIANA	BOLSA X 500 GR	419	100	0	6200	0	0			78	01	2025/04/30	-1	25	-1	-1						6200
0111024	ARROZ DIANA	LIBRA	150	0	0	20369.458	0	0			81	01	2025/04/30	-1	10	-1	-1						20369.458
0111025	ARROZ PARBOLIZADO DO•A PEPA	BOLSA X 500GR	48	46	0	15676.1925	0	0			82	01	2025/04/30	-1	10	-1	-1						15676.1925
0111026	ARROZ PARBOLIZADO DO•A PEPA	BOLSA X 1 KG	50	29	0	16694.44444	0	0			83	01	2025/04/30	-1	14.4	-1	-1						16694.4444444444
0111028	ARVEJA CONGELADA	BOLSA X KILO	14	30	0	4251.939482	0	0			85	01	2025/04/30	-1	481	-1	-1						4251.93948173185
0113001	AVENA EN HOJUELAS QUAKER	1100 GRS	7	5	0	6500.104934	0	0			87	01	2025/04/30	-1	302	-1	-1						6500.10493377483
0111030	AZUCAR CORRIENTE	2.5 KILOS	40	0	0	5435.294118	0	0			96	01	2025/04/30	-1	150	-1	-1						5435.29411764706
0112001	AZUCAR DOSIFICADA	BOLSA X 200 UNIDADES	48	28	0	76250	0	0			97	01	2025/04/30	-1	9	-1	-1						76250
0112002	AZUCAR MANUELITA	KILO	119	47.5	0	102000	0	0			98	01	2025/04/30	-1	6	-1	-1						102000
0112004	AZUCAR SPLENDA	CAJA X 700 SOBRES	7	5	0	85800	0	0			101	01	2025/04/30	-1	8	-1	-1						85800
0112005	BANANO	KILO	10.7	0	0	43200	0	0			102	01	2025/04/30	-1	5	-1	-1						43200
0109005	BARQUILLOS DULCES	PIAZZA VAINILLA X 10 UND	2	0	0	6691.348986	0	0			105	01	2025/04/30	-1	69	-1	-1						6691.34898550725
0109006	BARQUILLOS DULCES	PIAZZA FRESA X 10 UND	2	0	0	4073.23093	0	0			106	01	2025/04/30	-1	23	-1	-1						4073.23093023256
0111031	BARQUILLOS DULCES	PIAZZA CHOCOLATE X 10 UND	2	0	0	32000	0	0			107	01	2025/04/30	-1	4.9	-1	-1						32000
0109012	BASE DE PIZZA MEDIANA X 300 GRS	PAQUETE X 5 UNIDADES	11	0	0	3882.377742	0	0			113	01	2025/04/30	-1	31	-1	-1						3882.37774193548
0109015	BERENJENA	KILO	0	0	0	13423.2	0	0			125	01	2025/04/30	-1	6	-1	-1						13423.2
0109016	BROCOLI	KILO	0	0	0	124978.7309	0	0			126	01	2025/04/30	-1	8	-1	-1						124978.730909091
0101004	CABEZA DE PESCADO	KILO	16.5	0	0	20656.53028	0	0			134	01	2025/04/30	-1	10.9	-1	-1						20656.5302752294
0109017	CABEZA DE PESCADO	GRAMO FONDO	20000	0	0	14243.38546	0	0			157	01	2025/04/30	-1	66	-1	-1						14243.3854545455
0109018	CAFE SELLO ROJO	500 GMS	123	49	0	8203.33463	0	0			158	01	2025/04/30	-1	23	-1	-1						8203.33462962963
0111033	CAFE TOSTADO EN GRANO	BOLSA X 2500GR	20	20	0	3800	0	0			182	01	2025/04/30	-1	27.9	-1	-1						3800
0111036	CALDO DE GALLINA DESMENUZADO KNORR	1500 GRAMOS	2	0	0	4473.477434	0	0			187	01	2025/04/30	-1	21.6	-1	-1						4473.47743362832
0111039	CAMARON 51-60	PORCION X 200 GRAMOS	350	100	0	5800	0	0			221	01	2025/04/30	-1	9.3	0	0						5800
0111040	CANELA EN RAMA	500 GRAMOS	2	0	0	5800	0	0			222	01	2025/04/30	-1	8.6	0	0						5800
0111041	CARIMA•OLA DE CARNE	PEQUE•A X UNIDAD	1272	0	0	11800	0	0			223	01	2025/04/30	-1	22	-1	-1						11800
0110013	CARIMA•OLA DE CARNE	GRANDE X UNIDAD	600	240	0	77138.775	0	0			225	01	2025/04/30	-1	8	-1	-1						77138.775
0110014	CARIMA•OLA DE QUESO	GRANDE X UND	510	0	0	3232.68392	0	0			235	01	2025/04/30	-1	125	-1	-1						3232.68392
0109027	CARNE HAMBURGUESA	PORCION X 150 GRAMOS	140	78	0	24972.315	0	0			237	01	2025/04/30	-1	18	-1	-1						24972.315
0113005	CARNE MOLIDA	KILO	10.9	0	0	13166.66667	0	0			239	01	2025/04/30	-1	6	-1	-1						13166.6666666667
0112009	CEBOLLA BLANCA	KILO	15	0	0	5500	0	0			244	01	2025/04/30	-1	17	-1	-1						5500
0111042	CEBOLLA LARGA	KILO	2	0	0	16000	0	0			245	01	2025/04/30	-1	26.4	-1	-1						16000
0109032	CEBOLLA ROJA	KILO	5	0	0	11980	0	0			248	01	2025/04/30	-1	8	-1	-1						11980
0113004	CEBOLLIN CHINO	KILO	2.8	0	0	26161.04169	0	0			250	01	2025/04/30	-1	77	-1	-1						26161.0416883117
0109033	CEREAL ARROZ SABOR CHOCOLATE	BOLSA X 570 GR	10	0	0	24698.82148	0	0			251	01	2025/04/30	-1	27	-1	-1						24698.8214814815
0109004	CEREAL ARROZ SABOR CHOCOLATE	BOLSA X 320 GR	10	1	0	24000	0	0			256	01	2025/04/30	-1	15	-1	-1						24000
0111043	CEREAL AZUCARADO	BOLSA X 300 GR	69	8	0	39972.97297	0	0			259	01	2025/04/30	-1	3.7	-1	-1						39972.972972973
0109036	CEREAL NATURAL	BOLSA X 220 GR	43	17	0	14476.76471	0	0			263	01	2025/04/30	-1	17	-1	-1						14476.7647058824
0113005	CEREZA ALFA	1000 GRS	6	0	0	4552	0	0			266	01	2025/04/30	-1	32	-1	-1						4552
0109037	CEREZAS	FRASCO X 4000 GR	8	2	0	26300.19	0	0			269	01	2025/04/30	-1	1	0	0						26300.19
0109007	CHAMPI•ONES FRESCOS	KILO	5.4	0	0	21118.85132	0	0			273	01	2025/04/30	-1	75	-1	-1						21118.8513178295
0107004	CHOCOLATE EN BARRA CORONA	UNIDAD X 500GR	66	0	0	7400	0	0			323	01	2025/04/30	-1	100	0	0						7400
0101007	CHOCOLATE PASTILLADO LUKER	112 GRS	6	0	0	10887.20483	0	0			326	01	2025/04/30	-1	30	-1	-1						10887.2048333333
0101006	CHORIZO	TERNERA PAQ. X 20 UNDS	77	26	0	8052.908895	0	0			327	01	2025/04/30	-1	100	-1	-1						8052.90889534884
0107005	CHORIZO	TIPO CHUZO X 1500 GRAMOS	7	0	0	13982.69185	0	0			328	01	2025/04/30	-1	20	0	0						13982.6918518519
0103004	CHORIZO CAMPESINO SELECCIONADO	PQT X 450 GRS	9	0	0	15208.96649	0	0			329	01	2025/04/30	-1	50	-1	-1						15208.9664925373
0103005	CHORIZO SANTARROSANO SELECCIONADO	PQT X 20 UNDS	85	44	0	9293.820893	0	0			330	01	2025/04/30	-1	30	0	0						9293.82089285714
0106003	CILANTRO SIN RAIZ	KILO	2	0	0	12865.8375	0	0			332	01	2025/04/30	-1	40	0	0						12865.8375
0106002	COBERTURA DE CHOCOLATE NEGRA SEMIAMARGO	KILO	3	3	0	6699.020862	0	0			333	01	2025/04/30	-1	40	0	0						6699.02086206897
0106004	COCO	KILO	54.8	0	0	29558.70911	0	0			334	01	2025/04/30	-1	40	-1	-1						29558.7091111111
0107006	COCO DESHIDRATADO	KILO	2	2	0	12893.75507	0	0			335	01	2025/04/30	-1	99	-1	-1						12893.7550684932
0104002	COCOA CORONA	230 GR	2	3	0	34968.34156	0	0			384	01	2025/04/30	-1	47	-1	-1						34968.3415584416
0111048	COCOA CORONA	100 GR	4	0	0	6500	0	0			392	01	2025/04/30	-1	4	-1	-1						6500
0109042	COLIFLOR	KILO	0	0	0	9000	0	0			395	01	2025/04/30	-1	5	-1	-1						9000
0110009	COLOR	PAQUETE 500 GR	1	2	0	65006	0	0			408	01	2025/04/30	-1	3	-1	-1						65006
0109049	CONCENTRADO DE FRUTAS	MARACUYA X 1000 ML	1	1	0	43842.2775	0	0			414	01	2025/04/30	-1	6	-1	-1						43842.2775
0110019	CONCENTRADO DE FRUTAS	MANZANA VERDE X 1000 ML	2	1	0	12163.895	0	0			423	01	2025/04/30	-1	10	-1	-1						12163.895
0109056	CONCENTRADO DE FRUTAS	FRESA X 1000 ML	1	1	0	11397.82	0	0			445	01	2025/04/30	-1	2	-1	-1						11397.82
0111054	CONCENTRADO DE FRUTAS	CEREZA X 1000 ML	1	1	0	3672.727273	0	0			464	01	2025/04/30	-1	11	-1	-1						3672.72727272727
0111055	CONCENTRADO DE GRANADINA	X 1000 ML	1	0	0	2577.868852	0	0			465	01	2025/04/30	-1	17	-1	-1						2577.86885245902
0109035	COSTILLA DE CERDO SAN LUIS JUNIOR	KILO	47.5	0	0	13026.51293	0	0			471	01	2025/04/30	-1	41	-1	-1						13026.5129268293
0109015	COSTILLA DE CERDO SAN LUIS MARINADA	PORCION X 600 GRAMOS	100	30	0	29999.99	0	0			500	01	2025/04/30	-1	4	-1	-1						29999.99
0109021	CREMA BECHAMEL KNORR	KNORR X 800 GRS	2	3	0	9742.70073	0	0			501	01	2025/04/30	-1	54.8	-1	-1						9742.70072992701
0110011	CREMA BECHAMEL KNORR	MAGGI X 56 GRS	18	0	0	14330.26114	0	0			504	01	2025/04/30	-1	79	-1	-1						14330.2611392405
0109019	CREMA DE CHAMPI•ONES KNORR	800 GRS	3	0	0	4428.409167	0	0			519	01	2025/04/30	-1	48	-1	-1						4428.40916666667
0109032	CREMA DE CHOCLO KNORR	800 GRS	9	3	0	7500	0	0			522	01	2025/04/30	-1	3	-1	-1						7500
0109061	CREMA DE COCO	LATA X 425 GR	116	5	0	8500	0	0			524	01	2025/04/30	-1	1	-1	-1						8500
0109062	CREMA DE LECHE	UNIDAD X 870 GR	79	0	0	2500	0	0			525	01	2025/04/30	-1	4	-1	-1						2500
0113006	CREMA DE POLLO KNORR	800 GRS	5	0	0	10469.72878	0	0			529	01	2025/04/30	-1	41	-1	-1						10469.7287804878
0113006	CREMA DE POLLO MAGGI	61 GRS	2	0	0	7646.762	0	0			530	01	2025/04/30	-1	45	-1	-1						7646.762
0113006	CREMA DE TOMATE	KNORR X 800 GRS	5	0	0	12104.6806	0	0			531	01	2025/04/30	-1	84	-1	-1						12104.6805952381
0109063	CREMA DE TOMATE	500 GRS	3	0	0	7743.175455	0	0			536	01	2025/04/30	-1	11	-1	-1						7743.17545454546
0111050	CREMA DEMI-GLACE KNORR	800 GRS	8	7	0	4200	0	0			541	01	2025/04/30	-1	1	-1	-1						4200
0111057	CREMA MARINERA	MAGGI X 800 GRS	3	0	0	13000	0	0			551	01	2025/04/30	-1	5.2	-1	-1						13000
0111058	CROISSANT JAMON - QUESO X 85 GRS	CAJA X 40 UNIDADES	3	0	0	10500	0	0			553	01	2025/04/30	-1	4.7	-1	-1						10500
0113007	CROQUETA DE YUCA	500 GR	167	0	0	16211.99643	0	0			557	01	2025/04/30	-1	14	-1	-1						16211.9964285714
0111059	DEDITO DE QUESO	PEQUE•O X UNIDAD	2100	0	0	9000	0	0			563	01	2025/04/30	-1	2.8	-1	-1						9000
0109069	EMPANADA DE MAIZ CARNE	PEQUE•A X UNIDAD	900	0	0	23666.6675	0	0			580	01	2025/04/30	-1	1	-1	-1						23666.6675
0109019	ESENCIA DE COLA	500 ML	2	0	0	6033	0	0			608	01	2025/04/30	-1	50	-1	-1						6033
0109070	ESENCIA DE MANTEQUILLA	X 500 ML	10	3	0	19529.09	0	0			611	01	2025/04/30	-1	4	-1	-1						19529.09
0112008	ESENCIA DE VAINILLA	NEGRA 500 ML	4	0	0	5741.111	0	0			628	01	2025/04/30	-1	20	-1	-1						5741.111
0110010	ESENCIA DE VAINILLA	BLANCA 500 ML	9	3	0	29087	0	0			640	01	2025/04/30	-1	5	-1	-1						29087
0109045	ESPINACA	KILO	0	0	0	23500	0	0			641	01	2025/04/30	-1	1	-1	-1						23500
0109029	FILETE DE CORVINA	PORCION X 200 GRAMOS	40	39	0	2373.085943	0	0			648	01	2025/04/30	-1	269	-1	-1						2373.08594272076
0111043	FILETE DE ROBALO CON PIEL	PORCION X 200 GRS	50	0	0	4500	0	0			663	01	2025/04/30	-1	34	-1	-1						4500
0110009	FILETE DE TILAPIA	PORCION X 160 GRAMOS	40	39	0	73942.06667	0	0			664	01	2025/04/30	-1	10	-1	-1						73942.0666666667
0111061	FILETE DE TILAPIA	PORCION X 240 GRAMOS	143	0	0	3500	0	0			676	01	2025/04/30	-1	16	-1	-1						3500
0109022	FRESA	KILO	0	0	0	6662.170476	0	0			700	01	2025/04/30	-1	8	-1	-1						6662.17047619048
0111062	FRIJOL BLANQUILLO	KILO	7	3	0	12323.78855	0	0			740	01	2025/04/30	-1	8	-1	-1						12323.7885462555
0108002	FRIJOL CABEZA NEGRA	KILO	8	0	0	8047.432887	0	0			745	01	2025/04/30	-1	52.3	-1	-1						8047.43288718929
0109084	FRIJOL ZARAGOZA	KILO	8	0	0	13363.63636	0	0			754	01	2025/04/30	-1	6.6	-1	-1						13363.6363636364
0109085	FRIJOL ZARAGOZA	500 GR	3	0	0	20586.81667	0	0			759	01	2025/04/30	-1	10	0	0						20586.8166666667
0109086	GALLETA AVENA X 45 GRS	EMPAQUE X 1 UNIDAD	30	0	0	23000	0	0			764	01	2025/04/30	-1	1	-1	-1						23000
0109086	GALLETA CHOCOCHIPS X 45 GRS	EMPAQUE X 1 UNIDAD	100	0	0	23000	0	0			765	01	2025/04/30	-1	2	-1	-1						23000
0109086	GARBANZOS	500 GR	11	1	0	23000	0	0			766	01	2025/04/30	-1	1	-1	-1						23000
0109086	GRANOLA	KILO	15	0	0	23000	0	0			767	01	2025/04/30	-1	1	-1	-1						23000
0111063	GRANOLA	PAQUETE X 275 GRS	10	0	0	24055.04587	0	0			776	01	2025/04/30	-1	8.1	-1	-1						24055.0458715596
0111050	HABICHUELA	KILO	0	0	0	4500	0	0			782	01	2025/04/30	-1	15	-1	-1						4500
0109070	HARINA DE TRIGO	500 GRM	91	1	0	19898.039	0	0			789	01	2025/04/30	-1	10	-1	-1						19898.039
0109087	HARINA DE TRIGO	KILO	33	16	0	6405	0	0			815	01	2025/04/30	-1	40	-1	-1						6405
0111064	HARINA DE TRIGO	ELITE BULTO X 40 KILOS	1	0	0	8500	0	0			821	01	2025/04/30	-1	10	-1	-1						8500
0112012	HARINA PAN AMARILLA	KILO	67	35	0	50000	0	0			837	01	2025/04/30	-1	6	-1	-1						50000
0111066	HARINA PAN BLANCA	KILO	31	0	0	4500	0	0			865	01	2025/04/30	-1	12.2	-1	-1						4500
0111067	HIERBA BUENA	KILO	0	0	0	2500	0	0			866	01	2025/04/30	-1	12.8	-1	-1						2500
0109093	HIERBA BUENA	BOLSA X 50 GR	30	0	0	2500	0	0			868	01	2025/04/30	-1	2	-1	-1						2500
0111068	HUEVOS A	UNIDAD	10080	0	0	18900	0	0			871	01	2025/04/30	-1	22.2	-1	-1						18900
0111069	INSTACREM SOBRES	BOLSA X 100	10	5	0	21000	0	0			876	01	2025/04/30	-1	2.2	-1	-1						21000
0112015	INSTACREM SOBRES	CAJA X 36 SOBRES	11	1	0	34759.9	0	0			1041	01	2025/04/30	-1	20	-1	-1						34759.9
0112016	JAMON	PAQ.X 225 GRM	31	0	0	36521.1	0	0			1042	01	2025/04/30	-1	15	-1	-1						36521.1
0112020	JAM‡N SELECCIONADO	PQT X 450 GRS	186	0	0	18150	0	0			1051	01	2025/04/30	-1	11	-1	-1						18150
0109031	JAM‡N SELECCIONADO	PQT X 902 GRS	30	0	0	62351.24	0	0			1176	01	2025/04/30	-1	3	-1	-1						62351.24
0109100	JUGO DE MANDARINA	LITRO	275	0	0	6405	0	0			1177	01	2025/04/30	-1	35	-1	-1						6405
0103005	JUGO DE NARANJA	LITRO	302	0	0	26396.95785	0	0			1181	01	2025/04/30	-1	66.5	-1	-1						26396.9578461538
0107004	KUMIS	BOLSA X LITRO	87	0	0	7327.591693	0	0			1184	01	2025/04/30	-1	200	-1	-1						7327.59169291339
0107003	LANGOSTINO U 15	PORCION X 6 UNIDADES	20	20	0	10870.02083	0	0			1185	01	2025/04/30	-1	97	-1	-1						10870.0208333333
0107007	LECHE CONDENSADA	X 5 KILOS	3	0	0	11370.86143	0	0			1186	01	2025/04/30	-1	10	0	0						11370.8614285714
0104010	LECHE DE COCO	400 ML	41	0	0	98202.37	0	0			1189	01	2025/04/30	-1	7	0	0						98202.37
0109104	LECHE DESLACTOSADA	BOLSA X 1100 ML	204	0	0	54329.29	0	0			1190	01	2025/04/30	-1	5	-1	-1						54329.29
0113009	LECHE ENTERA	BOLSA X 1100 ML	444	0	0	951.371044	0	0			1195	01	2025/04/30	-1	600	-1	-1						951.371044444444
0113010	LECHE ENTERA EN POLVO	BOLSA X 900 G	5	0	0	936.738931	0	0			1196	01	2025/04/30	-1	696	-1	-1						936.73893081761
0113011	LECHE ENTERA EN POLVO	BOLSA X 840 G	20	0	0	2020.319924	0	0			1197	01	2025/04/30	-1	1140	-1	-1						2020.31992380952
0109110	LECHUGA BATAVIA	KILO	0	0	0	12334.35	0	0			1211	01	2025/04/30	-1	4	0	0						12334.35
0108003	LECHUGA CRESPA MORADA	KILO	0	0	0	3328.84707	0	0			1235	01	2025/04/30	-1	455	-1	-1						3328.84707025411
0110010	LECHUGA VERDE CRESPA	KILO	8.3	0	0	44114.81609	0	0			1239	01	2025/04/30	-1	20	-1	-1						44114.8160869565
0113012	LENTEJAS	KILO	9	0	0	8500	0	0			1271	01	2025/04/30	-1	275	-1	-1						8500
0109113	LEVADURA	500 GR	1	0	0	130000.4	0	0			1272	01	2025/04/30	-1	20	-1	-1						130000.4
0109003	LIMON TAHITY	KILO	50.3	0	0	4000	0	0			1274	01	2025/04/30	-1	33	-1	-1						4000
0109048	LINAZA ENTERA	KILO	6.6	3.3	0	2500	0	0			1275	01	2025/04/30	-1	40	-1	-1						2500
0109048	LOMO DE CERDO	X 150 GRM	99	0	0	2503.312609	0	0			1276	01	2025/04/30	-1	138	-1	-1						2503.31260869565
0109049	LOMO DE CERDO	GRAMO BROCHETA	14500	0	0	24990.12318	0	0			1277	01	2025/04/30	-1	22	-1	-1						24990.1231818182
0109096	LOMO DE CERDO	200 GR	200	0	0	18356.94	0	0			1281	01	2025/04/30	-1	4	-1	-1						18356.94
0111073	LOMO FINO LIMPIO	PORCION X 200 GRAMOS	60	40	0	27000	0	0			1333	01	2025/04/30	-1	1	0	0						27000
0113010	MAIZ TIERNO CONGELADO	BOLSA X 500 GRS	44	0	0	1967.823783	0	0			1344	01	2025/04/30	-1	360	-1	-1						1967.82378333333
0109116	MAIZENA	X 720 GR	9	5	0	60000	0	0			1349	01	2025/04/30	-1	4	-1	-1						60000
0109117	MAIZENA	X 380 GR	10	2	0	35000	0	0			1351	01	2025/04/30	-1	13	-1	-1						35000
0113008	MANDARINA	KILO	0	0	0	6019.405629	0	0			1375	01	2025/04/30	-1	167	-1	-1						6019.40562874252
0110007	MANGO TOMMY	KILO	0	0	0	3780.820653	0	0			1378	01	2025/04/30	-1	324	-1	-1						3780.82065315315
0109118	MANTEQUILLA DOSIFICADA	PAQ. X 30 UNDS	41	0	0	18067	0	0			1422	01	2025/04/30	-1	10	-1	-1						18067
0111075	MANZANA ROJA	KILO	0	0	0	3200	0	0			1548	01	2025/04/30	-1	4	-1	-1						3200
0108004	MANZANA VERDE	KILO	0	0	0	9948.551313	0	0			1551	01	2025/04/30	-1	20.95	-1	-1						9948.55131264917
0113013	MARGARINA EXCLUSIVA DAGUSTO	15 KL	2	1	0	2102.71998	0	0			1573	01	2025/04/30	-1	270	-1	-1						2102.71998039216
0109119	MARISCOS PARA CEVICHES	PORCION X 160 GRAMOS	100	100	0	4629.711875	0	0			1574	01	2025/04/30	-1	16	-1	-1						4629.711875
0108005	MARISCOS PARA CEVICHES	PORCION	200	0	0	20610.22787	0	0			1577	01	2025/04/30	-1	33.6	-1	-1						20610.2278688525
0103006	MAYONESA	GALON X 3910 GR	5	3	0	3162.560202	0	0			1578	01	2025/04/30	-1	99	-1	-1						3162.5602020202
0103006	MAYONESA DOSCIFICADA	BOLSA X 100 UND	1	1	0	20.505228	0	0			1579	01	2025/04/30	-1	14500	-1	-1						20.505228
0108003	MELON	KILO	0	0	0	20.704575	0	0			1580	01	2025/04/30	-1	29400	-1	-1						20.7045751962323
0108003	MERMELADA PORCIONADA FRESA ALPINA	CAJA X60 UND	27	4	0	21.410193	0	0			1581	01	2025/04/30	-1	27300	-1	-1						21.4101934065934
0113014	MERMELADA PORCIONADA MORA ALPINA	CAJA X 60 UND	18	6	0	1691.305878	0	0			1582	01	2025/04/30	-1	222	-1	-1						1691.3058778626
0101013	MIEL DE ABEJAS	TARRO X 480GR	4	0	0	2834.695573	0	0			1585	01	2025/04/30	-1	445	-1	-1						2834.69557303371
0101014	MIEL MAPLE BARY	480 GRS	19	28	0	27678.86056	0	0			1586	01	2025/04/30	-1	21.3	-1	-1						27678.8605633803
0106005	MILO NESTLE	BOLSA X 1500 GR	4	8	0	25104.17801	0	0			1587	01	2025/04/30	-1	50.4	-1	-1						25104.1780051151
0103008	MILO NESTLE	BOLSA X 2500 GR	9	0	0	19661.02176	0	0			1591	01	2025/04/30	-1	47.5	-1	-1						19661.0217548948
0106001	MINI CROISSANT MEDIANO	CAJA X 125 UNIDADES	9	6	0	13256.31575	0	0			1595	01	2025/04/30	-1	100	-1	-1						13256.31575
0111079	MIX DE MARISCOS	PORCION	197	100	0	24000	0	0			1608	01	2025/04/30	-1	8.5	-1	-1						24000
0109121	MOGOLLA INTEGRAL	CAJA X 130 UNIDADES	8	3	0	14119.35	0	0			1610	01	2025/04/30	-1	2	0	0						14119.35
0109121	MORTADELA SELECCIONADA	PQT X 450 GRS	40	0	0	8020.6	0	0			1611	01	2025/04/30	-1	4	-1	-1						8020.6
0109064	MORTADELA SELECCIONADA	PQT X 225 GRS	6	0	0	9338.277778	0	0			1726	01	2025/04/30	-1	7	-1	-1						9338.27777777778
0109013	MORTADELA SELECCIONADA	PQT X 250 GRS	50	0	0	31500	0	0			1748	01	2025/04/30	-1	10	-1	-1						31500
0109057	MOSTAZA	FRUCO GAL X 4015 GRS	3	0	0	12103.25214	0	0			1751	01	2025/04/30	-1	19	-1	-1						12103.2521428571
0109124	MUSLO DE POLLO	KILO	20.95	0	0	22719.48	0	0			1788	01	2025/04/30	-1	1	-1	-1						22719.48
0109125	NESCAFE INSTANTANEO	FRASCO X 250 GR	13	6	0	29788.06875	0	0			1822	01	2025/04/30	-1	8	-1	-1						29788.06875
0112027	•AME	KILO	0	0	0	101200	0	0			1837	01	2025/04/30	-1	3	-1	-1						101200
0112028	PAN BAGUETTE TRADICIONAL X 270 GRS	CAJA X 16 UNIDADES	3	0	0	52800	0	0			1838	01	2025/04/30	-1	3	-1	-1						52800
0112029	PAN BLANDITO	CAJA X 200 UNIDADES	6	2	0	124740	0	0			1839	01	2025/04/30	-1	9	-1	-1						124740
0112030	PAN HAMBURGUESA	PAQ. X 6 UNIDADES	20	0	0	1927.8	0	0			1840	01	2025/04/30	-1	30	-1	-1						1927.8
0112031	PAN PERRO	PAQUETE	17	0	0	2558.5	0	0			1841	01	2025/04/30	-1	100	-1	-1						2558.5
0109127	PAN TAJADO	NATIPAN X 500 GRS	81	0	0	11731.08375	0	0			1851	01	2025/04/30	-1	8	-1	-1						11731.08375
0109128	PAN TAJADO INTEGRAL	NATIPAN X 500 GRS	84	0	0	9379.39	0	0			1852	01	2025/04/30	-1	7	-1	-1						9379.39
0113006	PANCETA SV	PORCION X 300 GRAMOS	30	0	0	10918.89083	0	0			1866	01	2025/04/30	-1	60	-1	-1						10918.8908333333
0113006	PANCETA SV	KILO	97.5	7.1	0	11323.13444	0	0			1867	01	2025/04/30	-1	27	-1	-1						11323.1344444444
0106007	PANCETA SV	PORCION X 350 GRAMOS	60	30	0	9626.695758	0	0			1885	01	2025/04/30	-1	16.5	-1	-1						9626.69575757576
0110002	PANECILLO UVA MEDIANO	CAJA X 60 UNIDADES	5	0	0	7568.5	0	0			1890	01	2025/04/30	-1	1	-1	-1						7568.5
0110001	PANKO	KILO	8	1	0	6896.736897	0	0			1892	01	2025/04/30	-1	67	-1	-1						6896.73689655172
0110026	PAPA A LA FRANCESA	2.5 KL	77	0	0	70864.07125	0	0			1894	01	2025/04/30	-1	8	-1	-1						70864.07125
0110026	PAPA CRIOLLA	KILO	23.3	0	0	59903.07143	0	0			1895	01	2025/04/30	-1	22	-1	-1						59903.0714285714
0110026	PAPA LIMPIA	KILO	0	0	0	29615	0	0			1898	01	2025/04/30	-1	5	-1	-1						29615
0109130	PAPAYA	KILO	83.1	0	0	4807.384861	0	0			1903	01	2025/04/30	-1	119	-1	-1						4807.38486111111
0109141	PARGO ENTERO	UNIDAD DE 450 A 550 GRAMOS	90	0	0	41581.81778	0	0			1917	01	2025/04/30	-1	7	-1	-1						41581.8177777778
0109142	PASTA ESPAGUETI	500 GR	40	6	0	43500.054	0	0			1918	01	2025/04/30	-1	5	-1	-1						43500.054
0109143	PASTA FIDEO	LIBRA	16	2	0	42638.89	0	0			1919	01	2025/04/30	-1	3	-1	-1						42638.89
0109146	PASTA FUSILLI	LIBRA	35	1	0	53686.85	0	0			1922	01	2025/04/30	-1	8	-1	-1						53686.85
0109150	PASTA PENNE MONTICELLO	X 500 GRM	35	14	0	10566.9025	0	0			1926	01	2025/04/30	-1	4	0	0						10566.9025
0110024	PASTRAMI DE RES	KILO	7	5.05	0	18364.58286	0	0			1929	01	2025/04/30	-1	4	-1	-1						18364.5828571429
0109080	PATILLA	KILO	55.6	0	0	43733.55	0	0			1930	01	2025/04/30	-1	7	-1	-1						43733.55
0109161	PECHUGA DE POLLO	KILO	20.8	0	0	31059	0	0			1941	01	2025/04/30	-1	6	-1	-1						31059
0109166	PECHUGA DE POLLO DESHUESADA	PORCION X 150 GRS	655	0	0	8500	0	0			1947	01	2025/04/30	-1	2	-1	-1						8500
0110008	PECHUGA DE POLLO DESHUESADA	GRAMO SESGADO	29400	0	0	3734.861863	0	0			1959	01	2025/04/30	-1	144	-1	-1						3734.8618627451
0110027	PECHUGA DE POLLO DESHUESADA	GRAMO BROCHETA	27300	0	0	170437.75	0	0			1960	01	2025/04/30	-1	2	-1	-1						170437.75
0104015	PECHUGA DE POLLO DESHUESADA	PORCION X 80 GRAMOS	280	0	0	34850.86741	0	0			1961	01	2025/04/30	-1	55	-1	-1						34850.8674117647
0104016	PEPINILLOS AGRIDULCES	500 GRS	4	1	0	17256.0486	0	0			1962	01	2025/04/30	-1	37	-1	-1						17256.0485964912
0104017	PEPINO COHOMBRO	KILO	7.4	0	0	9711.784848	0	0			1963	01	2025/04/30	-1	33	-1	-1						9711.78484848485
0104019	PEREJIL	KILO	0.8	0	0	8585.85	0	0			1965	01	2025/04/30	-1	40	-1	-1						8585.85
0104020	PESCADO TILAPIA ROJA	DE 600 A 650 GRS	200	0	0	13951.43	0	0			1966	01	2025/04/30	-1	136	-1	-1						13951.43
0104021	PESCADO TILAPIA ROJA	DE 200 A 250 GRS	41	0	0	13181.09778	0	0			1968	01	2025/04/30	-1	9	-1	-1						13181.0977777778
0109008	PESCADO TILAPIA ROJA	DE 200 A 250 GRS X KILO	19.3	0	0	255352.4217	0	0			1970	01	2025/04/30	-1	8	-1	-1						255352.421666667
0110028	PESCADO TILAPIA ROJA	DE 250 A 300 GRS	20	0	0	6287	0	0			1971	01	2025/04/30	-1	62	-1	-1						6287
0108003	PIMENTON AMARILLO	KILO	0	0	0	1753.852531	0	0			1982	01	2025/04/30	-1	280	-1	-1						1753.85253125
0109065	PIMENTON ROJO	KILO	0	0	0	5724.137931	0	0			1999	01	2025/04/30	-1	29	-1	-1						5724.13793103448
0109116	PIMENTON VERDE	KILO	0	0	0	85302.77	0	0			2004	01	2025/04/30	-1	5	-1	-1						85302.77
0109158	PI•A OROMIEL	KILO	202.3	0	0	8819.09	0	0			2007	01	2025/04/30	-1	4	-1	-1						8819.09
0109043	PLATANO AMARILLO	KILO	0	0	0	83185.36333	0	0			2009	01	2025/04/30	-1	3	-1	-1						83185.3633333333
0109154	PLATANO VERDE	KILO	90	0	0	9891	0	0			2010	01	2025/04/30	-1	7	-1	-1						9891
0109029	POLLO ENTERO	KILO	52.3	0	0	2364	0	0			2012	01	2025/04/30	-1	150	-1	-1						2364
0109030	POLVO PARA HORNEAR	KILO	4	0	0	81316.508	0	0			2013	01	2025/04/30	-1	3	-1	-1						81316.508
0109091	PULPA CONGELADA	FRESA X 1000	41	0	0	12000	0	0			2017	01	2025/04/30	-1	2	-1	-1						12000
0109091	PULPA CONGELADA	MANGO X 1000	45	0	0	12000	0	0			2018	01	2025/04/30	-1	2	-1	-1						12000
0109091	PULPA CONGELADA	MARACUYA X 1000	84	0	0	12000	0	0			2019	01	2025/04/30	-1	2	-1	-1						12000
0109111	PULPA CONGELADA	LULO X 1000 GR	60	0	0	56155.77546	0	0			2033	01	2025/04/30	-1	34	-1	-1						56155.7754545455
0109179	PULPA CONGELADA	MORA X 1000GR	27	0	0	6405	0	0			2034	01	2025/04/30	-1	35	-1	-1						6405
0109173	PULPO MEXICANO DE 300 A 900 GRS	PORCION X 120 GRAMOS	139	40	0	26490.59	0	0			2035	01	2025/04/30	-1	2	0	0						26490.59
0111083	QUEBBA PREPRACION	UNIDAD X 60 GRMS	445	45	0	3163.636364	0	0			2077	01	2025/04/30	-1	275	-1	-1						3163.63636363636
0106002	QUESO BLANCO	250 GR	30	0	0	11001.37327	0	0			2103	01	2025/04/30	-1	143	-1	-1						11001.3732692308
0106001	QUESO CAMPESINO	250 GRS	62	0	0	16000	0	0			2104	01	2025/04/30	-1	41	-1	-1						16000
0113015	QUESO COSTE•O	KILO	113.1	0	0	1666	0	0			2105	01	2025/04/30	-1	432	0	0						1666
0103006	QUESO COSTE•O	500 GRS	44	0	0	4098.17315	0	0			2113	01	2025/04/30	-1	200	-1	-1						4098.17315
0109148	QUESO DOBLE CREMA	BLOQUE ENTERO X 2.5 KL	8	0	0	33124.81	0	0			2114	01	2025/04/30	-1	1	-1	-1						33124.81
0113005	QUESO DOBLE CREMA	TAJADO X 2.5 KL	28	2	0	22185.18519	0	0			2153	01	2025/04/30	-1	26	-1	-1						22185.1851851852
0109062	QUESO DOBLE CREMA	BLOQUE ENTERO X 1 KL	5	0	0	8867.906667	0	0			2156	01	2025/04/30	-1	9	-1	-1						8867.90666666667
0110002	QUESO MOZARELLA	BLOQUE TAJADO X 2.5KG	3	0	0	6947.219888	0	0			2159	01	2025/04/30	-1	69	-1	-1						6947.21988764045
0110023	QUESO MOZARELLA	BLOQUE ENTERO  X 2.5 KG	15	9	0	65827	0	0			2160	01	2025/04/30	-1	3	-1	-1						65827
0109065	QUESO PARMESANO	1000 GR	8	0	0	20000	0	0			2161	01	2025/04/30	-1	6	-1	-1						20000
0109085	QUIBBE	GRANDE X UNIDAD	432	0	0	10900	0	0			2163	01	2025/04/30	-1	11	-1	-1						10900
0112006	QUIBBE	PEQUE•O X UNIDAD	240	0	0	5808.641975	0	0			2165	01	2025/04/30	-1	81	-1	-1						5808.64197530864
0109067	RABANO ROJO	KILO	0	0	0	13000	0	0			2172	01	2025/04/30	-1	22	-1	-1						13000
0109145	REMOLACHA	KILO	0	0	0	42449.68	0	0			2178	01	2025/04/30	-1	2	0	0						42449.68
0109145	REPOLLO BLANCO	KILO	0	0	0	3800	0	0			2179	01	2025/04/30	-1	18	-1	-1						3800
0109140	REPOLLO MORADO	KILO	0	0	0	38951.08	0	0			2183	01	2025/04/30	-1	3	-1	-1						38951.08
0113016	ROMERO	KILO	0	0	0	7300	0	0			2185	01	2025/04/30	-1	44	-1	-1						7300
0109184	ROMERO	BOLSA X 50 GR	0	0	0	7300.65	0	0			2195	01	2025/04/30	-1	2	-1	-1						7300.65
0110002	SAL CORRIENTE REFISAL	500 GRM	74	11	0	6957.202436	0	0			2211	01	2025/04/30	-1	58	-1	-1						6957.20243589744
0110002	SAL REFISAL DOSIFICADA	CAJA X 100 SOBRES	18	3	0	6965.946064	0	0			2212	01	2025/04/30	-1	74	-1	-1						6965.94606382979
0104019	SALCHICHA SELECCIONADA	PQT X 450 GRS	33	0	0	4425.75	0	0			2213	01	2025/04/30	-1	6	-1	-1						4425.75
0103012	SALCHICHA SELECCIONADA	PQT X 225 GRS	6	0	0	19527.42987	0	0			2231	01	2025/04/30	-1	38.4	-1	-1						19527.4298653611
0112007	SALCHICHA SELECCIONADA XL	PQT X 20 UNDS	57	11	0	6416.604048	0	0			2236	01	2025/04/30	-1	84	-1	-1						6416.60404761905
0110005	SALSA BBQ FRUCO	X 1 LTS	2	0	0	17032.27273	0	0			2251	01	2025/04/30	-1	44	-1	-1						17032.2727272727
0109144	SALSA DE HUMO	X 1000GR	2	3	0	41293	0	0			2274	01	2025/04/30	-1	3	-1	-1						41293
0109052	SALSA DE PI•A	KILO	1	0	0	35333.48	0	0			2275	01	2025/04/30	-1	2	-1	-1						35333.48
0109011	SALSA DE TOMATE	FRUCO X 4350 GRS	5	4	0	18906	0	0			2276	01	2025/04/30	-1	4	-1	-1						18906
0109014	SALSA DE TOMATE	X 4000 GR	3	0	0	15674.21121	0	0			2277	01	2025/04/30	-1	96	-1	-1						15674.2112121212
0109009	SALSA NEGRA	X 1050 ML	2	0	0	30490.18	0	0			2278	01	2025/04/30	-1	22	-1	-1						30490.18
0109140	SALSA PICANTE DE AJI	X 1050 GR	4	3	0	39415.18	0	0			2283	01	2025/04/30	-1	3	-1	-1						39415.18
0109053	SALSA SOYA	3200 ML	2	0	0	18078.9	0	0			2284	01	2025/04/30	-1	40	-1	-1						18078.9
0109172	SHAWARMA DE CERDO	KILO	38.4	0	0	12500	0	0			2286	01	2025/04/30	-1	6	-1	-1						12500
0109187	SHAWARMA DE POLLO PREPARACION	KILO	33.6	0	0	4500	0	0			2290	01	2025/04/30	-1	2	-1	-1						4500
0109065	SIERRA EN POSTA	KILO	15.4	0	0	15334.34	0	0			2292	01	2025/04/30	-1	1	-1	-1						15334.34
0106001	SOBREBARRIGA	KILO	21.3	0	0	17170.51554	0	0			2392	01	2025/04/30	-1	19.3	-1	-1						17170.5155440415
0109030	SUERO BOLSA	200 GR	125	0	0	115000	0	0			2416	01	2025/04/30	-1	3	-1	-1						115000
0104019	TAHINI DE AJONJOLI	MECHAALANY PET X 908 GRS	5	0	0	6000	0	0			2430	01	2025/04/30	-1	50	-1	-1						6000
0109188	TAJIN CLASICO ESCARCHADOR	UNIDAD X 142 GR	6	4	0	49568.26	0	0			2432	01	2025/04/30	-1	2	-1	-1						49568.26
0109189	TAJIN CLASICO ESCARCHADOR	UNIDAD X 400 GR	3	1	0	36467.55	0	0			2435	01	2025/04/30	-1	3	-1	-1						36467.55
0109050	TE DURAZNO AZAFRAN	BOLSA X 3 KILOS	1	1	0	11839.31	0	0			2443	01	2025/04/30	-1	2	-1	-1						11839.31
0109004	TE FRUTOS ROJOS	CAJA X 20 UND	19	6	0	23050.3	0	0			2650	01	2025/04/30	-1	10	-1	-1						23050.3
0106001	TINTURA CARAMELO	FRASCO X 650  ML	2	0	0	19000	0	0			2651	01	2025/04/30	-1	20	-1	-1						19000
0104020	TOMATE CHERRI	KILO	0	0	0	28597.86	0	0			2654	01	2025/04/30	-1	30	-1	-1						28597.86
0103005	TOMATE CHONTO	KILO	20	0	0	8962.388	0	0			2660	01	2025/04/30	-1	60	-1	-1						8962.388
0109048	TORTA	1/2 LIBRA	6	0	0	3300	0	0			2664	01	2025/04/30	-1	20	-1	-1						3300
0109003	TORTA AMAPOLA RECTANGULAR	UNIDAD X 1200 GRS	20	0	0	210000	0	0			2665	01	2025/04/30	-1	1	-1	-1						210000
0104017	TORTA DE ZANAHORIA RECTANGULAR	UNIDAD X 1200 GRS	15	0	0	7500	0	0			2667	01	2025/04/30	-1	6	-1	-1						7500
0109039	UVAS PASAS	KILO	17	0	0	28445.76	0	0			2668	01	2025/04/30	-1	2	0	0						28445.76
0109042	VINAGRE	GALON X 3060 ML	30	13	0	13418.44	0	0			2670	01	2025/04/30	-1	4	0	0						13418.44
0109138	VINAGRE BALSAMICO	250 ML	5	3	0	41494.11	0	0			2671	01	2025/04/30	-1	2	0	0						41494.11
0104002	VINAGRE BALSAMICO	X 1 LITRO	4	0	0	44051.06571	0	0			2673	01	2025/04/30	-1	7	-1	-1						44051.0657142857
0107002	YOGURT SURTIDO	BOLSA X LITRO - MORA	1	0	0	7791.187771	0	0			2674	01	2025/04/30	-1	250	-1	-1						7791.18777142857
0106008	YOGURT SURTIDO	SABOR FRESA X 900G	89	0	0	12066.9612	0	0			2675	01	2025/04/30	-1	50	-1	-1						12066.9612
0106007	YOGURT SURTIDO	SABOR MORA X 900G	78	0	0	9.416551	0	0			2676	01	2025/04/30	-1	20000	-1	-1						9.416551
0113015	YOGURT SURTIDO	SABOR MELOCOTON X 900G	94	0	0	2586.991167	0	0			2677	01	2025/04/30	-1	240	-1	-1						2586.99116666667
0109118	YUCA	KILO	0	0	0	18067	0	0			2704	01	2025/04/30	-1	10	-1	-1						18067
0104004	ZANAHORIA	KILO	5.2	0	0	12100	0	0			2705	01	2025/04/30	-1	31	-1	-1						12100
0109065	ZUKINI AMARILLO	KILO	8.6	0	0	18000	0	0			2706	01	2025/04/30	-1	4	-1	-1						18000
0109118	ZUKINI VERDE	KILO	9.3	0	0	8925	0	0			2707	01	2025/04/30	-1	10	0	0						8925
0110029	ZUMO DE LIMON	LITRO	6	0	0	6287	0	0			2714	01	2025/04/30	-1	30	-1	-1						6287
0109044	ZUMO DE LIMON	250 ML	32	0	0	13148	0	0			2718	01	2025/04/30	-1	4	0	0						13148
0109013	ZUMO DE LIMON	2000 ML	26	0	0	4959.92	0	0			2719	01	2025/04/30	-1	10	0	0						4959.92
